 1 0 1e-06 1.00001 0 1.00001 0 0 0
 2 1.1e-06 1.1e-06 1.00001 1.40659e-07 1.00001 0 3.05218e-13 1.67007e-12
 3 2.31e-06 1.21e-06 1.00001 4.33802e-07 1.00001 0 6.30946e-13 2.86479e-12
 4 3.641e-06 1.331e-06 1.00001 9.42038e-07 1.00001 0 3.0142e-13 4.10747e-12
 5 5.1051e-06 1.4641e-06 1.00001 1.72589e-06 1.00001 0 4.6652e-13 5.44531e-12
 6 6.71561e-06 1.61051e-06 1.00001 2.86007e-06 1.00001 0 8.24919e-13 6.92558e-12
 7 8.48717e-06 1.77156e-06 1.00001 4.43674e-06 1.00001 0 1.28672e-12 8.54764e-12
 8 1.04359e-05 1.94872e-06 1.00001 6.56924e-06 1 0 1.36766e-12 1.02854e-11
 9 1.25795e-05 2.14359e-06 1.00001 9.39674e-06 1 0 1.46461e-12 1.22156e-11
 10 1.49374e-05 2.35795e-06 1.00001 1.30898e-05 0.999998 0 1.93363e-12 1.44026e-11
