 1 0 0.0001 -0.610373 0 0.05 -0.660373 0 0
 2 0.00011 0.00011 -0.61034 1.13017e-08 0.05 -0.66034 1.7637e-09 1.12046e-10
 3 0.000231 0.000121 -0.610314 3.46295e-08 0.05 -0.660314 1.17221e-09 1.90639e-10
 4 0.0003641 0.0001331 -0.610295 7.48512e-08 0.05 -0.660295 1.19987e-09 2.80058e-10
 5 0.00051051 0.00014641 -0.61028 1.36638e-07 0.05 -0.66028 1.25238e-09 3.81006e-10
 6 0.000671561 0.000161051 -0.610269 2.25781e-07 0.05 -0.660269 1.35484e-09 4.92268e-10
 7 0.000848717 0.000177156 -0.610261 3.49429e-07 0.05 -0.660261 1.46093e-09 6.18562e-10
 8 0.00104359 0.000194872 -0.610255 5.16389e-07 0.05 -0.660255 1.61822e-09 7.51452e-10
 9 0.00125795 0.000214359 -0.610251 7.37478e-07 0.05 -0.660251 1.80057e-09 9.02344e-10
 10 0.00149374 0.000235795 -0.610248 1.02597e-06 0.05 -0.660249 2.02442e-09 1.06393e-09
