 1 0 1e-07 0.956486 0.00929912 0.947187 0 1.08362e-09 0.00650938
 2 1.1e-07 1.1e-07 0.956486 0.00929912 0.947187 0 1.08358e-09 0.00650938
 3 2.31e-07 1.21e-07 0.956486 0.00929912 0.947187 0 1.08276e-09 0.00650938
 4 3.641e-07 1.331e-07 0.956486 0.00929912 0.947187 0 1.08318e-09 0.00650938
 5 5.1051e-07 1.4641e-07 0.956486 0.00929912 0.947187 0 1.08297e-09 0.00650938
 6 6.71561e-07 1.61051e-07 0.956486 0.00929912 0.947187 0 1.08408e-09 0.00650938
 7 8.48717e-07 1.77156e-07 0.956486 0.00929912 0.947187 0 1.08417e-09 0.00650938
 8 1.04359e-06 1.94872e-07 0.956486 0.00929912 0.947187 0 1.0845e-09 0.00650938
 9 1.25795e-06 2.14359e-07 0.956486 0.00929912 0.947187 0 1.08458e-09 0.00650938
 10 1.49374e-06 2.35795e-07 0.956486 0.00929912 0.947187 0 1.08471e-09 0.00650938
