 1 0 0.0001 1000 0 1000 0 0 0 0
 2 0.00011 0.00011 1000 6.81691e-09 1000 0 2.16919e-12 2.24867e-08 0.000116706
 3 0.000231 0.000121 1000 2.23759e-08 1000 0 4.7373e-12 3.66182e-08 0.000211441
 4 0.0003641 0.0001331 1000 5.12926e-08 1000 0 3.46363e-12 5.40088e-08 0.000320129
 5 0.00051051 0.00014641 1000 9.82324e-08 1000 0 4.04649e-12 7.24588e-08 0.000443022
 6 0.000671561 0.000161051 1000 1.68756e-07 1000 0 3.65609e-12 9.5003e-08 0.000580667
 7 0.000848717 0.000177156 1000 2.69583e-07 1000 0 3.0289e-12 1.20648e-07 0.000733912
 8 0.00104359 0.000194872 1000 4.08786e-07 1000 0 5.59679e-12 1.48811e-07 0.000903746
 9 0.00125795 0.000214359 1000 5.96163e-07 1000 0 5.77432e-12 1.80761e-07 0.00109139
 10 0.00149374 0.000235795 1000 8.43525e-07 1000 0 8.75069e-12 2.15978e-07 0.00129822
