 1 0 1e-07 0.956486 0.00929912 0.947187 0 1.08362e-09 0.00650938
 2 1.1e-07 1.1e-07 0.956486 0.00929911 0.947187 0 1.08352e-09 0.00650938
 3 2.31e-07 1.21e-07 0.956486 0.00929911 0.947187 0 1.08393e-09 0.00650938
 4 3.641e-07 1.331e-07 0.956486 0.00929911 0.947187 0 1.08365e-09 0.00650938
 5 5.1051e-07 1.4641e-07 0.956486 0.00929911 0.947187 0 1.08437e-09 0.00650938
 6 6.71561e-07 1.61051e-07 0.956486 0.00929911 0.947187 0 1.08429e-09 0.00650938
 7 8.48717e-07 1.77156e-07 0.956486 0.00929911 0.947187 0 1.08369e-09 0.00650938
 8 1.04359e-06 1.94872e-07 0.956486 0.00929912 0.947187 0 1.08465e-09 0.00650938
 9 1.25795e-06 2.14359e-07 0.956486 0.00929912 0.947187 0 1.0847e-09 0.00650938
 10 1.49374e-06 2.35795e-07 0.956486 0.00929912 0.947187 0 1.08529e-09 0.00650938
