 1 0 0.0001 -0.610313 0 0.0499969 -0.66031 0 0
 2 0.00011 0.00011 -0.61028 1.13024e-08 0.0499969 -0.660277 1.8931e-09 1.73915e-10
 3 0.000231 0.000121 -0.610254 3.46317e-08 0.0499969 -0.660251 1.40479e-09 2.98229e-10
 4 0.0003641 0.0001331 -0.610235 7.48558e-08 0.0499969 -0.660232 1.54546e-09 4.32242e-10
 5 0.00051051 0.00014641 -0.61022 1.36647e-07 0.0499969 -0.660217 1.69955e-09 5.70531e-10
 6 0.000671561 0.000161051 -0.610209 2.25794e-07 0.0499969 -0.660206 1.91084e-09 7.24571e-10
 7 0.000848717 0.000177156 -0.6102 3.4945e-07 0.0499969 -0.660198 2.10088e-09 8.79733e-10
 8 0.00104359 0.000194872 -0.610195 5.16419e-07 0.0499969 -0.660192 2.34723e-09 1.04688e-09
 9 0.00125795 0.000214359 -0.61019 7.3752e-07 0.0499969 -0.660188 2.61678e-09 1.23451e-09
 10 0.00149374 0.000235795 -0.610187 1.02603e-06 0.0499969 -0.660185 2.91967e-09 1.43675e-09
