 1 0 1e-06 1.00001 0 1.00001 0 0 0
 2 1.1e-06 1.1e-06 1.00001 1.40659e-07 1.00001 0 2.2166e-13 1.66439e-12
 3 2.31e-06 1.21e-06 1.00001 4.33802e-07 1.00001 0 9.81104e-13 2.84944e-12
 4 3.641e-06 1.331e-06 1.00001 9.42038e-07 1.00001 0 1.08102e-12 4.09186e-12
 5 5.1051e-06 1.4641e-06 1.00001 1.72589e-06 1.00001 0 8.8268e-13 5.43448e-12
 6 6.71561e-06 1.61051e-06 1.00001 2.86007e-06 1.00001 0 3.55771e-13 6.90971e-12
 7 8.48717e-06 1.77156e-06 1.00001 4.43674e-06 1.00001 0 1.17712e-12 8.54747e-12
 8 1.04359e-05 1.94872e-06 1.00001 6.56924e-06 1 0 8.72017e-13 1.029e-11
 9 1.25795e-05 2.14359e-06 1.00001 9.39674e-06 1 0 1.4934e-12 1.22168e-11
 10 1.49374e-05 2.35795e-06 1.00001 1.30898e-05 0.999998 0 1.73835e-12 1.43781e-11
