 1 0 0.0001 3.74933 0 3.74933 0 0 0
 2 0.00011 0.00011 3.74943 9.86987e-05 3.74933 0 1.07458e-07 1.42163e-06
 3 0.000231 0.000121 3.74939 0.000266207 3.74913 0 1.7296e-07 2.48068e-06
 4 0.0003641 0.0001331 3.74939 0.000530647 3.74886 0 2.56728e-07 3.64342e-06
 5 0.00051051 0.00014641 3.74938 0.000913814 3.74847 0 3.27458e-07 4.90298e-06
 6 0.000671561 0.000161051 3.74938 0.00144428 3.74794 0 4.25742e-07 6.28964e-06
 7 0.000848717 0.000177156 3.74938 0.00215702 3.74722 0 4.97278e-07 7.63713e-06
 8 0.00104359 0.000194872 3.74938 0.00309398 3.74628 0 5.51396e-07 9.26727e-06
 9 0.00125795 0.000214359 3.74938 0.00430457 3.74507 0 6.0979e-07 1.11982e-05
 10 0.00149374 0.000235795 3.74937 0.00584561 3.74353 0 6.41134e-07 1.32914e-05
