 1 0 0.0001 1000 0 1000 0 0 0 0
 2 0.00011 0.00011 1000 6.81691e-09 1000 0 2.55545e-12 2.24865e-08 0.000116706
 3 0.000231 0.000121 1000 2.23759e-08 1000 0 3.44317e-12 3.66174e-08 0.000211441
 4 0.0003641 0.0001331 1000 5.12926e-08 1000 0 2.32911e-12 5.4008e-08 0.000320129
 5 0.00051051 0.00014641 1000 9.82323e-08 1000 0 3.86495e-12 7.24569e-08 0.000443022
 6 0.000671561 0.000161051 1000 1.68756e-07 1000 0 5.65106e-13 9.50039e-08 0.000580667
 7 0.000848717 0.000177156 1000 2.69583e-07 1000 0 5.05483e-12 1.20648e-07 0.000733913
 8 0.00104359 0.000194872 1000 4.08786e-07 1000 0 5.83086e-12 1.48811e-07 0.000903746
 9 0.00125795 0.000214359 1000 5.96164e-07 1000 0 3.79085e-12 1.80761e-07 0.00109139
 10 0.00149374 0.000235795 1000 8.43526e-07 1000 0 8.95902e-12 2.15976e-07 0.00129822
