 1 0 0.0001 0.5 0.5 1e-20 0 0.000388751 2.06538e-11
 2 0.00011 0.00011 0.500001 0.499987 1.42803e-05 0 0.000388751 3.44367e-11
 3 0.000231 0.000121 0.500001 0.499976 2.4605e-05 0 0.000388751 4.98471e-11
 4 0.0003641 0.0001331 0.500001 0.499965 3.59866e-05 0 0.000388751 3.48359e-11
 5 0.00051051 0.00014641 0.500001 0.499952 4.85507e-05 0 0.000388751 3.52963e-11
 6 0.000671561 0.000161051 0.500001 0.499938 6.24166e-05 0 0.000388751 9.71643e-11
 7 0.000848717 0.000177156 0.500001 0.499923 7.77144e-05 0 0.000388751 1.1116e-10
 8 0.00104359 0.000194872 0.500001 0.499906 9.45913e-05 0 0.000388751 9.34698e-11
 9 0.00125795 0.000214359 0.500001 0.499888 0.000113213 0 0.000388751 1.4693e-10
 10 0.00149374 0.000235795 0.500001 0.499867 0.000133768 0 0.000388751 1.76338e-10
