 1 0 0.0001 0.5 0.5 1e-20 0 0.000388751 2.06538e-11
 2 0.00011 0.00011 0.500001 0.499987 1.42803e-05 0 0.000388751 1.91946e-11
 3 0.000231 0.000121 0.500001 0.499976 2.4605e-05 0 0.000388751 2.09158e-11
 4 0.0003641 0.0001331 0.500001 0.499965 3.59866e-05 0 0.000388751 4.59913e-11
 5 0.00051051 0.00014641 0.500001 0.499952 4.85507e-05 0 0.000388751 8.35591e-11
 6 0.000671561 0.000161051 0.500001 0.499939 6.24166e-05 0 0.000388751 1.03629e-10
 7 0.000848717 0.000177156 0.500001 0.499923 7.77145e-05 0 0.000388751 1.64291e-10
 8 0.00104359 0.000194872 0.500001 0.499906 9.45913e-05 0 0.000388751 1.61313e-10
 9 0.00125795 0.000214359 0.500001 0.499888 0.000113213 0 0.000388751 1.66342e-10
 10 0.00149374 0.000235795 0.500001 0.499867 0.000133768 0 0.000388751 1.81299e-10
