 1 0 0.0001 -0.610376 0 0.05 -0.660376 0 0
 2 0.00011 0.00011 -0.610343 1.31847e-08 0.05 -0.660343 2.66039e-10 1.93792e-10
 3 0.000231 0.000121 -0.610316 3.971e-08 0.05 -0.660316 3.08594e-10 3.34947e-10
 4 0.0003641 0.0001331 -0.610297 8.49371e-08 0.05 -0.660297 4.17225e-10 4.91745e-10
 5 0.00051051 0.00014641 -0.610282 1.53894e-07 0.05 -0.660282 5.68294e-10 6.60101e-10
 6 0.000671561 0.000161051 -0.610271 2.52857e-07 0.05 -0.660271 7.72848e-10 8.49863e-10
 7 0.000848717 0.000177156 -0.610263 3.89602e-07 0.05 -0.660263 9.65489e-10 1.04299e-09
 8 0.00104359 0.000194872 -0.610257 5.7372e-07 0.0499999 -0.660257 1.18563e-09 1.25615e-09
 9 0.00125795 0.000214359 -0.610253 8.17006e-07 0.0499999 -0.660254 1.40795e-09 1.49684e-09
 10 0.00149374 0.000235795 -0.610249 1.13394e-06 0.0499999 -0.66025 1.67782e-09 1.75182e-09
